index,0,1,2
26457,0.122,0.188,0.6899999999999998
26458,0.09,0.254,0.6559999999999999
26459,0.06000000000000001,0.318,0.6220000000000001
26460,0.12200000000000003,0.21400000000000002,0.6639999999999999
26461,0.158,0.374,0.46799999999999997
26462,0.134,0.364,0.502
26463,0.29000000000000004,0.314,0.3959999999999999
26464,0.094,0.274,0.632
26465,0.068,0.25,0.6820000000000002
26466,0.044,0.21800000000000003,0.738
26467,0.072,0.30000000000000004,0.628
26468,0.048,0.43800000000000006,0.514
26469,0.26999999999999996,0.28800000000000003,0.442
26470,0.21200000000000002,0.32999999999999996,0.458
26471,0.044,0.188,0.768
26472,0.394,0.32799999999999996,0.278
26473,0.11200000000000002,0.26399999999999996,0.624
26474,0.29,0.25,0.45999999999999996
26475,0.132,0.36,0.508
26476,0.06599999999999999,0.41,0.524
26477,0.12000000000000002,0.504,0.376
26478,0.288,0.19,0.522
26479,0.11400000000000002,0.28800000000000003,0.5980000000000001
26480,0.156,0.26799999999999996,0.576
26481,0.184,0.34400000000000003,0.472
26482,0.132,0.264,0.6040000000000001
26483,0.048,0.41000000000000003,0.542
26484,0.146,0.268,0.586
26485,0.092,0.21200000000000002,0.696
26486,0.12000000000000002,0.546,0.334
26487,0.08800000000000001,0.312,0.6
26488,0.176,0.5999999999999999,0.22400000000000003
26489,0.22599999999999998,0.328,0.446
26490,0.016,0.406,0.5780000000000001
26491,0.06000000000000001,0.306,0.634
26492,0.11200000000000002,0.45999999999999996,0.42800000000000005
26493,0.186,0.576,0.238
26494,0.126,0.21400000000000002,0.6599999999999999
26495,0.072,0.252,0.6759999999999999
26496,0.15999999999999998,0.2,0.64
26497,0.12,0.514,0.366
26498,0.062,0.6100000000000001,0.328
26499,0.1,0.258,0.642
26500,0.172,0.458,0.37
26501,0.18,0.22200000000000003,0.5980000000000001
26502,0.09200000000000001,0.25,0.658
26503,0.256,0.362,0.38199999999999995
26504,0.074,0.488,0.438
26505,0.142,0.23800000000000004,0.62
26506,0.14400000000000002,0.496,0.36
26507,0.12,0.5040000000000001,0.376
26508,0.19,0.27199999999999996,0.538
26509,0.13599999999999998,0.312,0.5519999999999999
26510,0.22200000000000003,0.316,0.462
26511,0.096,0.34400000000000003,0.5599999999999999
26512,0.136,0.4,0.4640000000000001
26513,0.118,0.59,0.292
26514,0.09,0.16799999999999998,0.742
26515,0.3,0.154,0.546
26516,0.15999999999999998,0.2,0.64
26517,0.154,0.39799999999999996,0.44800000000000006
26518,0.278,0.172,0.55
26519,0.41999999999999993,0.21000000000000002,0.37
26520,0.1,0.46799999999999997,0.43200000000000005
26521,0.066,0.336,0.598
26522,0.09,0.45600000000000007,0.454
26523,0.094,0.30200000000000005,0.604
26524,0.05,0.6140000000000001,0.33599999999999997
26525,0.23199999999999998,0.264,0.504
26526,0.041999999999999996,0.392,0.566
26527,0.124,0.392,0.484
26528,0.084,0.254,0.662
26529,0.09200000000000001,0.152,0.756
26530,0.25,0.354,0.396
26531,0.188,0.33999999999999997,0.472
26532,0.022,0.22800000000000004,0.75
26533,0.068,0.392,0.5399999999999998
26534,0.126,0.256,0.618
26535,0.12200000000000003,0.28800000000000003,0.5900000000000001
26536,0.238,0.37,0.392
26537,0.146,0.264,0.5900000000000001
26538,0.074,0.5199999999999999,0.40599999999999997
26539,0.018,0.21800000000000003,0.7639999999999999
26540,0.09200000000000001,0.396,0.512
26541,0.036,0.3,0.664
26542,0.10600000000000001,0.304,0.5900000000000001
26543,0.15,0.27799999999999997,0.5720000000000001
26544,0.22599999999999998,0.3,0.47400000000000003
26545,0.176,0.20400000000000001,0.62
26546,0.14,0.344,0.516
26547,0.3,0.202,0.49800000000000005
26548,0.092,0.264,0.644
26549,0.09,0.656,0.25399999999999995
26550,0.014000000000000002,0.286,0.7
26551,0.12400000000000003,0.33799999999999997,0.5379999999999999
26552,0.052000000000000005,0.21999999999999997,0.728
26553,0.178,0.22000000000000003,0.602
26554,0.20400000000000001,0.39,0.406
26555,0.05,0.34600000000000003,0.604
26556,0.078,0.308,0.614
26557,0.136,0.22400000000000003,0.64
26558,0.19,0.31999999999999995,0.48999999999999994
26559,0.19,0.126,0.6839999999999999
26560,0.078,0.43599999999999994,0.48600000000000004
26561,0.062,0.332,0.6060000000000001
26562,0.066,0.358,0.576
26563,0.156,0.188,0.656
26564,0.148,0.31,0.542
26565,0.064,0.388,0.5479999999999999
26566,0.26999999999999996,0.24800000000000005,0.48200000000000004
26567,0.05600000000000001,0.374,0.5700000000000001
26568,0.22199999999999998,0.358,0.42000000000000004
26569,0.01,0.258,0.732
26570,0.21199999999999997,0.43200000000000005,0.356
26571,0.27,0.25600000000000006,0.4739999999999999
26572,0.10200000000000001,0.446,0.45200000000000007
26573,0.2,0.43000000000000005,0.37
26574,0.164,0.268,0.568
26575,0.176,0.37,0.454
26576,0.055999999999999994,0.328,0.616
26577,0.11800000000000002,0.254,0.6279999999999999
26578,0.096,0.696,0.20800000000000002
26579,0.132,0.29400000000000004,0.5740000000000001
26580,0.132,0.20400000000000001,0.664
26581,0.07799999999999999,0.16799999999999998,0.754
26582,0.13599999999999998,0.312,0.5519999999999999
26583,0.064,0.292,0.644
26584,0.096,0.32,0.584
26585,0.16199999999999998,0.492,0.346
26586,0.16200000000000003,0.528,0.31
26587,0.202,0.418,0.38
26588,0.10800000000000001,0.322,0.5700000000000001
26589,0.086,0.33999999999999997,0.5740000000000001
26590,0.11400000000000002,0.418,0.46799999999999997
26591,0.07,0.32599999999999996,0.604
26592,0.096,0.262,0.642
26593,0.134,0.34600000000000003,0.52
26594,0.15999999999999998,0.388,0.45200000000000007
26595,0.066,0.268,0.666
26596,0.096,0.336,0.568
26597,0.048,0.292,0.6599999999999999
26598,0.13599999999999998,0.366,0.49800000000000005
26599,0.202,0.438,0.36
26600,0.096,0.384,0.5199999999999999
26601,0.094,0.30200000000000005,0.604
26602,0.094,0.332,0.5740000000000001
26603,0.10200000000000001,0.30400000000000005,0.594
26604,0.044,0.254,0.702
26605,0.068,0.266,0.666
26606,0.05,0.55,0.39999999999999997
26607,0.144,0.37,0.48600000000000004
26608,0.072,0.406,0.5219999999999999
26609,0.172,0.264,0.564
26610,0.144,0.278,0.5780000000000001
26611,0.266,0.324,0.41
26612,0.14200000000000002,0.35,0.508
26613,0.22399999999999998,0.256,0.52
26614,0.096,0.33999999999999997,0.5640000000000001
26615,0.11000000000000001,0.314,0.576
26616,0.29800000000000004,0.176,0.526
26617,0.186,0.244,0.5700000000000001
26618,0.064,0.33,0.606
26619,0.25,0.502,0.248
26620,0.036,0.384,0.58
26621,0.152,0.266,0.5820000000000001
26622,0.36,0.248,0.39199999999999996
26623,0.092,0.42000000000000004,0.4880000000000001
26624,0.05800000000000001,0.472,0.47000000000000003
26625,0.23199999999999998,0.264,0.504
26626,0.136,0.3,0.564
26627,0.134,0.304,0.562
26628,0.06799999999999999,0.48200000000000004,0.45
26629,0.078,0.192,0.7299999999999999
26630,0.12000000000000002,0.332,0.5479999999999999
26631,0.148,0.276,0.576
26632,0.152,0.27199999999999996,0.576
26633,0.124,0.268,0.608
26634,0.07200000000000001,0.27199999999999996,0.6559999999999999
26635,0.084,0.396,0.5200000000000001
26636,0.068,0.36,0.5720000000000001
26637,0.098,0.27399999999999997,0.628
26638,0.16799999999999998,0.394,0.438
26639,0.05,0.668,0.282
26640,0.062,0.174,0.764
26641,0.32799999999999996,0.41200000000000003,0.26
26642,0.088,0.358,0.554
26643,0.068,0.298,0.6340000000000001
26644,0.14600000000000002,0.21799999999999997,0.636
26645,0.05800000000000001,0.27799999999999997,0.664
26646,0.256,0.21399999999999997,0.53
26647,0.156,0.42200000000000004,0.42200000000000004
26648,0.126,0.368,0.506
26649,0.20600000000000002,0.252,0.542
26650,0.07999999999999999,0.47800000000000004,0.442
26651,0.05800000000000001,0.42800000000000005,0.514
26652,0.172,0.11200000000000002,0.716
26653,0.06399999999999999,0.21199999999999997,0.724
26654,0.06799999999999999,0.454,0.4779999999999999
26655,0.182,0.31799999999999995,0.5
26656,0.176,0.22999999999999998,0.594
26657,0.166,0.342,0.492
26658,0.042,0.256,0.702
26659,0.10600000000000001,0.30000000000000004,0.594
26660,0.04,0.256,0.7040000000000001
26661,0.14200000000000002,0.576,0.282
26662,0.044,0.256,0.7
26663,0.28600000000000003,0.288,0.426
26664,0.10800000000000001,0.28600000000000003,0.6060000000000001
26665,0.11400000000000002,0.28200000000000003,0.604
26666,0.046000000000000006,0.40800000000000003,0.5459999999999999
26667,0.068,0.266,0.666
26668,0.10600000000000001,0.44000000000000006,0.454
26669,0.122,0.43999999999999995,0.438
26670,0.062,0.312,0.626
26671,0.146,0.252,0.6020000000000001
26672,0.082,0.308,0.6100000000000001
26673,0.20600000000000002,0.358,0.43600000000000005
26674,0.16799999999999998,0.25200000000000006,0.5800000000000001
26675,0.10800000000000001,0.368,0.524
26676,0.15,0.252,0.5980000000000001
26677,0.10600000000000001,0.326,0.568
26678,0.068,0.338,0.5940000000000001
26679,0.15599999999999997,0.378,0.466
26680,0.066,0.35000000000000003,0.584
26681,0.10600000000000001,0.296,0.5980000000000001
26682,0.076,0.296,0.6279999999999999
26683,0.062,0.386,0.552
26684,0.05,0.21399999999999997,0.736
26685,0.096,0.364,0.54
26686,0.033999999999999996,0.442,0.524
26687,0.036,0.384,0.58
26688,0.096,0.6559999999999999,0.248
26689,0.05,0.162,0.788
26690,0.026000000000000002,0.29,0.6839999999999999
26691,0.132,0.23999999999999994,0.628
26692,0.034,0.40800000000000003,0.558
26693,0.148,0.236,0.616
26694,0.422,0.246,0.332
26695,0.13000000000000003,0.282,0.588
26696,0.11200000000000002,0.26399999999999996,0.624
26697,0.146,0.24000000000000005,0.6140000000000001
26698,0.32599999999999996,0.24,0.434
26699,0.172,0.5,0.328
26700,0.128,0.202,0.67
26701,0.11200000000000002,0.30199999999999994,0.586
26702,0.22000000000000003,0.334,0.446
26703,0.174,0.34,0.48600000000000004
26704,0.19,0.22200000000000003,0.588
26705,0.254,0.258,0.488
26706,0.10600000000000001,0.28600000000000003,0.608
26707,0.2,0.21600000000000003,0.584
26708,0.15800000000000003,0.202,0.6399999999999999
26709,0.11600000000000002,0.236,0.6479999999999999
26710,0.05600000000000001,0.374,0.5700000000000001
26711,0.052000000000000005,0.33399999999999996,0.614
26712,0.2,0.126,0.674
26713,0.152,0.348,0.5
26714,0.042,0.524,0.434
26715,0.10200000000000001,0.27399999999999997,0.624
26716,0.1,0.49000000000000005,0.41
26717,0.11200000000000002,0.266,0.622
26718,0.088,0.39599999999999996,0.516
26719,0.258,0.394,0.34800000000000003
26720,0.17200000000000001,0.35,0.47800000000000004
26721,0.094,0.256,0.65
26722,0.426,0.306,0.26799999999999996
26723,0.202,0.336,0.4619999999999999
26724,0.22400000000000003,0.21600000000000003,0.56
26725,0.06,0.49800000000000005,0.442
26726,0.038,0.32599999999999996,0.636
26727,0.10600000000000001,0.40800000000000003,0.48600000000000004
26728,0.12200000000000003,0.48200000000000004,0.396
26729,0.088,0.312,0.6
26730,0.11400000000000002,0.626,0.25999999999999995
26731,0.16599999999999998,0.246,0.588
26732,0.25,0.39,0.36000000000000004
26733,0.21400000000000002,0.188,0.598
26734,0.122,0.188,0.6899999999999998
26735,0.06,0.33799999999999997,0.6020000000000001
26736,0.086,0.23199999999999998,0.682
26737,0.1,0.268,0.6319999999999999
26738,0.046000000000000006,0.44799999999999995,0.506
26739,0.298,0.312,0.39
26740,0.074,0.39199999999999996,0.534
26741,0.07200000000000001,0.172,0.756
26742,0.033999999999999996,0.48,0.48600000000000004
26743,0.17,0.40800000000000003,0.422
26744,0.15200000000000002,0.29000000000000004,0.558
26745,0.068,0.266,0.666
26746,0.07999999999999999,0.44399999999999995,0.476
26747,0.13000000000000003,0.30799999999999994,0.562
26748,0.046,0.27599999999999997,0.6779999999999999
26749,0.16999999999999998,0.404,0.426
26750,0.088,0.556,0.35600000000000004
26751,0.168,0.296,0.5359999999999999
26752,0.036,0.656,0.308
26753,0.086,0.33999999999999997,0.5740000000000001
26754,0.238,0.21799999999999997,0.5439999999999999
26755,0.128,0.296,0.576
26756,0.07999999999999999,0.272,0.648
26757,0.094,0.30200000000000005,0.604
26758,0.06,0.24,0.7
26759,0.12399999999999997,0.576,0.30000000000000004
26760,0.10800000000000001,0.5820000000000001,0.31
26761,0.388,0.20600000000000002,0.406
26762,0.278,0.172,0.55
26763,0.118,0.376,0.506
26764,0.068,0.38399999999999995,0.5479999999999999
26765,0.2,0.21400000000000002,0.586
26766,0.048,0.38,0.572
26767,0.064,0.556,0.38
26768,0.10200000000000001,0.6799999999999999,0.21800000000000003
26769,0.27399999999999997,0.336,0.39
26770,0.10600000000000001,0.254,0.6399999999999999
26771,0.164,0.558,0.278
26772,0.13,0.25,0.6199999999999999
26773,0.124,0.266,0.61
26774,0.21799999999999997,0.366,0.41600000000000004
26775,0.10400000000000001,0.4640000000000001,0.43200000000000005
26776,0.166,0.31800000000000006,0.516
26777,0.10400000000000001,0.16199999999999998,0.734
26778,0.13999999999999999,0.446,0.414
26779,0.06799999999999999,0.324,0.608
26780,0.15799999999999997,0.466,0.376
26781,0.044,0.196,0.76
26782,0.122,0.18,0.6980000000000001
26783,0.092,0.41,0.49800000000000005
26784,0.19,0.32,0.49000000000000005
26785,0.18600000000000003,0.288,0.526
26786,0.29200000000000004,0.42000000000000004,0.28800000000000003
26787,0.158,0.21199999999999997,0.6300000000000001
26788,0.06200000000000001,0.6100000000000001,0.328
26789,0.134,0.48600000000000004,0.38
26790,0.16799999999999998,0.4,0.43200000000000005
26791,0.042,0.22199999999999998,0.736
26792,0.158,0.376,0.466
26793,0.14,0.438,0.42200000000000004
26794,0.10800000000000001,0.49800000000000005,0.39399999999999996
26795,0.05,0.162,0.788
26796,0.11000000000000001,0.51,0.38
26797,0.074,0.27999999999999997,0.646
26798,0.22199999999999998,0.348,0.43
26799,0.1,0.258,0.642
26800,0.11000000000000001,0.38,0.51
26801,0.09,0.41600000000000004,0.49400000000000005
26802,0.12,0.43199999999999994,0.44800000000000006
26803,0.084,0.33999999999999997,0.576
26804,0.134,0.43200000000000005,0.434
26805,0.039999999999999994,0.20999999999999996,0.7499999999999999
26806,0.068,0.366,0.5660000000000001
26807,0.17600000000000002,0.27999999999999997,0.544
26808,0.11000000000000001,0.346,0.5439999999999999
26809,0.08800000000000001,0.386,0.526
26810,0.044,0.262,0.694
26811,0.15,0.314,0.536
26812,0.12000000000000002,0.546,0.334
26813,0.08199999999999999,0.22600000000000003,0.692
26814,0.122,0.22400000000000003,0.6540000000000001
26815,0.09999999999999999,0.246,0.6540000000000001
26816,0.074,0.5199999999999999,0.40599999999999997
26817,0.22400000000000003,0.174,0.602
26818,0.088,0.282,0.6299999999999999
26819,0.10200000000000001,0.36,0.538
26820,0.034,0.29600000000000004,0.67
26821,0.15399999999999997,0.324,0.522
26822,0.062,0.25,0.688
26823,0.188,0.308,0.504
26824,0.062,0.462,0.476
26825,0.11200000000000002,0.314,0.574
26826,0.18,0.19,0.63
26827,0.16,0.42800000000000005,0.41200000000000003
26828,0.05800000000000001,0.356,0.5860000000000001
26829,0.08399999999999999,0.34400000000000003,0.572
26830,0.192,0.30200000000000005,0.506
26831,0.258,0.25599999999999995,0.48599999999999993
26832,0.04,0.18,0.78
26833,0.128,0.28200000000000003,0.59
26834,0.10600000000000001,0.35600000000000004,0.538
26835,0.29000000000000004,0.252,0.458
26836,0.154,0.42800000000000005,0.418
26837,0.30599999999999994,0.31,0.38399999999999995
26838,0.078,0.264,0.658
26839,0.27,0.324,0.40599999999999997
26840,0.29600000000000004,0.294,0.41
26841,0.14600000000000002,0.21399999999999997,0.64
26842,0.096,0.504,0.4
26843,0.41600000000000004,0.27599999999999997,0.308
26844,0.048,0.682,0.27
26845,0.48600000000000004,0.256,0.258
26846,0.05800000000000001,0.27799999999999997,0.664
26847,0.122,0.378,0.5
26848,0.362,0.30600000000000005,0.332
26849,0.178,0.49399999999999994,0.328
26850,0.084,0.362,0.554
26851,0.098,0.278,0.624
26852,0.074,0.27199999999999996,0.6540000000000001
26853,0.048,0.336,0.616
26854,0.29200000000000004,0.5,0.20800000000000002
26855,0.14,0.344,0.516
26856,0.13599999999999998,0.31,0.554
26857,0.1,0.27799999999999997,0.622
26858,0.18,0.506,0.314
26859,0.12,0.386,0.49399999999999994
26860,0.126,0.5,0.374
26861,0.132,0.5519999999999999,0.31599999999999995
26862,0.05600000000000001,0.41000000000000003,0.534
26863,0.048,0.49000000000000005,0.462
26864,0.09,0.518,0.392
26865,0.12,0.308,0.5720000000000001
26866,0.12000000000000002,0.418,0.462
26867,0.184,0.15,0.666
26868,0.128,0.22399999999999998,0.6479999999999999
26869,0.072,0.14200000000000002,0.7859999999999999
26870,0.23600000000000004,0.43600000000000005,0.32799999999999996
26871,0.05600000000000001,0.374,0.5700000000000001
26872,0.082,0.246,0.6719999999999999
26873,0.22199999999999998,0.29800000000000004,0.48
26874,0.11599999999999999,0.196,0.688
26875,0.11800000000000002,0.38,0.502
26876,0.088,0.38,0.532
26877,0.13,0.22599999999999998,0.6439999999999999
26878,0.21400000000000002,0.306,0.48
26879,0.20600000000000002,0.23199999999999998,0.5619999999999999
26880,0.186,0.38599999999999995,0.42799999999999994
26881,0.036000000000000004,0.628,0.336
26882,0.22800000000000004,0.266,0.506
26883,0.162,0.358,0.4800000000000001
26884,0.072,0.5359999999999999,0.392
26885,0.11399999999999999,0.484,0.402
26886,0.066,0.34,0.594
26887,0.13999999999999999,0.244,0.616
26888,0.156,0.382,0.462
26889,0.062,0.21400000000000002,0.724
26890,0.046,0.256,0.698
26891,0.064,0.36800000000000005,0.5680000000000002
26892,0.22400000000000003,0.248,0.5279999999999999
26893,0.32599999999999996,0.24,0.434
26894,0.18,0.3,0.52
26895,0.076,0.39599999999999996,0.528
26896,0.158,0.28800000000000003,0.554
26897,0.06200000000000001,0.4720000000000001,0.466
26898,0.06799999999999999,0.242,0.6900000000000001
26899,0.396,0.264,0.34
26900,0.136,0.358,0.506
26901,0.052000000000000005,0.294,0.6539999999999999
26902,0.08800000000000001,0.22799999999999998,0.6839999999999999
26903,0.04,0.35000000000000003,0.61
26904,0.06599999999999999,0.318,0.616
26905,0.24000000000000005,0.198,0.5619999999999999
26906,0.044,0.238,0.718
26907,0.042,0.5599999999999999,0.398
26908,0.057999999999999996,0.426,0.516
26909,0.092,0.48600000000000004,0.422
26910,0.10400000000000001,0.27199999999999996,0.6239999999999999
26911,0.11400000000000002,0.26199999999999996,0.624
26912,0.078,0.304,0.618
26913,0.188,0.39799999999999996,0.414
26914,0.044000000000000004,0.31199999999999994,0.644
26915,0.16999999999999998,0.276,0.5539999999999999
26916,0.11200000000000002,0.55,0.338
26917,0.09200000000000001,0.152,0.756
26918,0.072,0.298,0.63
26919,0.21000000000000002,0.542,0.248
26920,0.032,0.306,0.662
26921,0.07,0.288,0.642
26922,0.10399999999999998,0.58,0.316
26923,0.084,0.25,0.666
26924,0.294,0.404,0.30199999999999994
26925,0.126,0.262,0.6119999999999999
26926,0.254,0.26,0.48599999999999993
26927,0.22599999999999998,0.328,0.446
26928,0.02,0.588,0.392
26929,0.124,0.42799999999999994,0.44800000000000006
26930,0.064,0.28400000000000003,0.652
26931,0.044,0.596,0.36
26932,0.188,0.35200000000000004,0.4600000000000001
26933,0.34400000000000003,0.29400000000000004,0.36200000000000004
26934,0.148,0.268,0.584
26935,0.192,0.268,0.5399999999999999
26936,0.122,0.4619999999999999,0.41600000000000004
26937,0.152,0.31799999999999995,0.53
26938,0.046,0.372,0.582
26939,0.326,0.298,0.376
26940,0.074,0.166,0.76
26941,0.066,0.27599999999999997,0.658
26942,0.14,0.44000000000000006,0.42000000000000004
26943,0.09,0.6719999999999999,0.238
26944,0.16,0.254,0.5860000000000001
26945,0.066,0.5359999999999999,0.398
26946,0.152,0.23399999999999999,0.6140000000000001
26947,0.16,0.35,0.49000000000000005
26948,0.044,0.596,0.36
26949,0.198,0.18,0.622
26950,0.12400000000000003,0.336,0.5399999999999999
26951,0.388,0.352,0.26
26952,0.034,0.29600000000000004,0.67
26953,0.10400000000000001,0.184,0.712
26954,0.16999999999999998,0.21800000000000003,0.612
26955,0.122,0.512,0.366
26956,0.184,0.238,0.5780000000000001
26957,0.38999999999999996,0.294,0.316
26958,0.068,0.36,0.5720000000000001
26959,0.074,0.568,0.358
26960,0.22199999999999998,0.29800000000000004,0.48
26961,0.12400000000000003,0.34600000000000003,0.53
26962,0.06000000000000001,0.28200000000000003,0.658
26963,0.148,0.236,0.616
26964,0.092,0.302,0.606
26965,0.041999999999999996,0.22200000000000003,0.736
26966,0.158,0.28800000000000003,0.554
26967,0.1,0.194,0.706
26968,0.16799999999999998,0.388,0.44399999999999995
26969,0.096,0.33599999999999997,0.568
26970,0.064,0.33399999999999996,0.602
26971,0.13999999999999999,0.484,0.376
26972,0.05,0.65,0.3
26973,0.06999999999999999,0.162,0.768
26974,0.316,0.22999999999999998,0.454
26975,0.16599999999999998,0.236,0.598
26976,0.144,0.37,0.48600000000000004
26977,0.094,0.466,0.44000000000000006
26978,0.10200000000000001,0.236,0.6620000000000001
26979,0.044,0.33799999999999997,0.6180000000000001
26980,0.068,0.25,0.6820000000000002
26981,0.126,0.364,0.51
26982,0.09,0.388,0.522
26983,0.12000000000000002,0.504,0.376
26984,0.118,0.308,0.5740000000000001
26985,0.184,0.22000000000000003,0.5960000000000001
26986,0.05,0.21800000000000003,0.732
26987,0.294,0.404,0.30199999999999994
26988,0.126,0.514,0.36000000000000004
26989,0.098,0.43599999999999994,0.466
26990,0.14200000000000002,0.264,0.594
26991,0.138,0.446,0.41600000000000004
26992,0.11000000000000001,0.284,0.606
26993,0.192,0.268,0.5399999999999999
26994,0.17,0.31200000000000006,0.518
26995,0.03599999999999999,0.252,0.712
26996,0.068,0.29,0.642
26997,0.24000000000000005,0.61,0.15
26998,0.37,0.22000000000000003,0.41
26999,0.18,0.24,0.5800000000000001
27000,0.092,0.484,0.42400000000000004
27001,0.07400000000000001,0.548,0.37799999999999995
27002,0.025999999999999995,0.21800000000000003,0.756
27003,0.374,0.248,0.378
27004,0.126,0.43599999999999994,0.438
27005,0.038,0.22199999999999998,0.74
27006,0.21200000000000002,0.278,0.51
27007,0.038,0.648,0.31399999999999995
27008,0.298,0.182,0.52
27009,0.10200000000000001,0.48600000000000004,0.41200000000000003
27010,0.144,0.21000000000000002,0.646
27011,0.10400000000000001,0.43600000000000005,0.45999999999999996
27012,0.084,0.286,0.63
27013,0.122,0.374,0.5039999999999999
27014,0.05800000000000001,0.324,0.618
27015,0.122,0.34,0.538
27016,0.20600000000000002,0.402,0.392
27017,0.08199999999999999,0.34600000000000003,0.5720000000000001
27018,0.08800000000000001,0.33799999999999997,0.5740000000000001
27019,0.09799999999999999,0.388,0.514
27020,0.18200000000000002,0.476,0.34199999999999997
27021,0.06999999999999999,0.306,0.624
27022,0.13799999999999998,0.31799999999999995,0.544
27023,0.122,0.376,0.502
27024,0.041999999999999996,0.266,0.6920000000000001
27025,0.052000000000000005,0.18,0.768
27026,0.11600000000000002,0.36,0.524
27027,0.14,0.264,0.5959999999999999
27028,0.152,0.27199999999999996,0.576
27029,0.04800000000000001,0.466,0.48600000000000004
27030,0.078,0.7979999999999999,0.124
27031,0.374,0.34800000000000003,0.27799999999999997
27032,0.08399999999999999,0.442,0.47400000000000003
27033,0.168,0.466,0.366
27034,0.092,0.18,0.7280000000000001
27035,0.10800000000000001,0.34400000000000003,0.548
27036,0.2,0.254,0.546
27037,0.1,0.554,0.346
27038,0.158,0.33999999999999997,0.502
27039,0.13799999999999998,0.164,0.698
27040,0.182,0.242,0.5760000000000001
27041,0.078,0.23399999999999999,0.688
27042,0.23200000000000004,0.29400000000000004,0.47400000000000003
27043,0.03,0.368,0.602
27044,0.11000000000000001,0.4720000000000001,0.418
27045,0.092,0.14200000000000002,0.766
27046,0.086,0.308,0.606
27047,0.15199999999999997,0.31399999999999995,0.534
27048,0.11000000000000001,0.6599999999999999,0.23000000000000004
27049,0.196,0.57,0.23399999999999999
27050,0.036,0.18000000000000002,0.784
27051,0.078,0.4640000000000001,0.458
27052,0.11400000000000002,0.43200000000000005,0.454
27053,0.05600000000000001,0.6319999999999999,0.312
27054,0.22199999999999998,0.282,0.496
27055,0.15999999999999998,0.44800000000000006,0.392
27056,0.2,0.354,0.446
27057,0.068,0.42400000000000004,0.508
27058,0.042,0.5599999999999999,0.398
27059,0.144,0.278,0.5780000000000001
27060,0.06799999999999999,0.364,0.568
27061,0.22799999999999998,0.292,0.48
27062,0.038,0.27599999999999997,0.6859999999999999
27063,0.06999999999999999,0.466,0.46399999999999997
27064,0.128,0.16999999999999998,0.702
27065,0.06000000000000001,0.442,0.49799999999999994
27066,0.057999999999999996,0.184,0.758
27067,0.10200000000000001,0.446,0.45200000000000007
27068,0.22800000000000004,0.266,0.506
27069,0.08,0.238,0.682
27070,0.188,0.192,0.62
27071,0.092,0.256,0.652
27072,0.08,0.34800000000000003,0.5719999999999998
27073,0.392,0.2,0.40800000000000003
27074,0.06000000000000001,0.47000000000000003,0.47000000000000003
27075,0.194,0.22199999999999998,0.584
27076,0.06599999999999999,0.366,0.568
27077,0.10800000000000001,0.462,0.43
27078,0.12600000000000003,0.2839999999999999,0.59
27079,0.20999999999999996,0.506,0.284
27080,0.10400000000000001,0.5279999999999999,0.368
27081,0.06,0.376,0.5640000000000001
27082,0.21600000000000003,0.27,0.514
27083,0.11800000000000002,0.21200000000000002,0.67
27084,0.30599999999999994,0.29600000000000004,0.39799999999999996
27085,0.30200000000000005,0.25,0.44800000000000006
27086,0.098,0.29000000000000004,0.6120000000000001
27087,0.10800000000000001,0.458,0.434
27088,0.152,0.276,0.572
27089,0.30999999999999994,0.264,0.426
27090,0.046,0.372,0.582
27091,0.06999999999999999,0.328,0.602
27092,0.09,0.39199999999999996,0.518
27093,0.278,0.46399999999999997,0.258
27094,0.308,0.292,0.4
27095,0.11800000000000002,0.21200000000000002,0.67
27096,0.08,0.38,0.54
27097,0.184,0.404,0.41200000000000003
27098,0.12,0.43199999999999994,0.44800000000000006
27099,0.10400000000000001,0.404,0.492
27100,0.088,0.18,0.732
27101,0.12,0.43199999999999994,0.44800000000000006
27102,0.05600000000000001,0.374,0.5700000000000001
27103,0.10600000000000001,0.268,0.626
27104,0.194,0.30999999999999994,0.4960000000000001
27105,0.12,0.286,0.594
27106,0.05800000000000001,0.18,0.762
27107,0.2,0.32599999999999996,0.47400000000000003
27108,0.07,0.242,0.688
27109,0.038,0.27599999999999997,0.6859999999999999
27110,0.092,0.366,0.542
27111,0.06000000000000001,0.26,0.6799999999999999
27112,0.458,0.266,0.276
27113,0.05600000000000001,0.326,0.618
27114,0.076,0.264,0.66
27115,0.22000000000000003,0.364,0.4159999999999999
27116,0.16799999999999998,0.40599999999999997,0.426
27117,0.08399999999999999,0.312,0.6040000000000001
27118,0.092,0.316,0.592
27119,0.10400000000000001,0.5279999999999999,0.368
27120,0.388,0.298,0.314
27121,0.128,0.346,0.526
27122,0.22800000000000004,0.22999999999999998,0.542
27123,0.182,0.35600000000000004,0.462
27124,0.22000000000000003,0.288,0.492
27125,0.05600000000000001,0.374,0.5700000000000001
27126,0.172,0.22000000000000003,0.6079999999999999
27127,0.23800000000000004,0.308,0.454
27128,0.044000000000000004,0.31199999999999994,0.644
27129,0.17400000000000002,0.298,0.5279999999999999
27130,0.20400000000000001,0.358,0.43800000000000006
27131,0.166,0.32999999999999996,0.504
27132,0.194,0.43600000000000005,0.37
27133,0.13,0.388,0.48200000000000004
27134,0.036000000000000004,0.41999999999999993,0.5440000000000002
27135,0.09,0.542,0.36800000000000005
27136,0.10200000000000001,0.366,0.532
27137,0.03,0.292,0.6779999999999999
27138,0.2779999999999999,0.382,0.34
27139,0.08800000000000001,0.304,0.6080000000000001
27140,0.22199999999999998,0.41,0.368
27141,0.18,0.43200000000000005,0.388
27142,0.16399999999999998,0.42000000000000004,0.41600000000000004
27143,0.11800000000000002,0.21200000000000002,0.67
27144,0.22200000000000003,0.21000000000000002,0.568
27145,0.186,0.576,0.238
27146,0.11000000000000001,0.238,0.652
27147,0.182,0.366,0.45199999999999996
27148,0.078,0.20600000000000002,0.716
27149,0.08,0.346,0.5740000000000001
27150,0.08199999999999999,0.246,0.6719999999999999
27151,0.096,0.49000000000000005,0.414
27152,0.284,0.28,0.43600000000000005
27153,0.06599999999999999,0.54,0.394
27154,0.096,0.376,0.5279999999999999
27155,0.11000000000000001,0.30600000000000005,0.584
27156,0.082,0.42400000000000004,0.49400000000000005
27157,0.08600000000000001,0.122,0.792
27158,0.166,0.276,0.558
27159,0.05600000000000001,0.29600000000000004,0.6479999999999999
27160,0.10200000000000001,0.29,0.608
27161,0.046,0.41200000000000003,0.542
27162,0.094,0.438,0.46799999999999997
27163,0.092,0.398,0.51
27164,0.094,0.324,0.582
27165,0.42800000000000005,0.202,0.37
27166,0.128,0.17,0.702
27167,0.16,0.42800000000000005,0.41200000000000003
27168,0.22000000000000003,0.34,0.43999999999999995
27169,0.176,0.21799999999999997,0.606
27170,0.22199999999999998,0.41,0.368
27171,0.156,0.21599999999999997,0.628
27172,0.076,0.296,0.6279999999999999
27173,0.088,0.388,0.524
27174,0.11000000000000001,0.238,0.652
27175,0.23199999999999998,0.346,0.422
27176,0.092,0.314,0.594
27177,0.08,0.34199999999999997,0.578
27178,0.126,0.32599999999999996,0.548
27179,0.04,0.252,0.708
27180,0.186,0.25,0.564
27181,0.32199999999999995,0.26400000000000007,0.41400000000000003
27182,0.07400000000000001,0.33999999999999997,0.5860000000000001
27183,0.122,0.26399999999999996,0.614
27184,0.082,0.16599999999999998,0.752
27185,0.18,0.248,0.5719999999999998
27186,0.13,0.28,0.5900000000000001
27187,0.12000000000000002,0.546,0.334
27188,0.15,0.298,0.5519999999999999
27189,0.12000000000000002,0.34,0.54
27190,0.20400000000000001,0.32599999999999996,0.4699999999999999
27191,0.14,0.364,0.4960000000000001
27192,0.134,0.198,0.668
27193,0.082,0.34199999999999997,0.576
27194,0.21200000000000002,0.32999999999999996,0.458
27195,0.024,0.26,0.716
27196,0.11200000000000002,0.35,0.538
27197,0.068,0.42400000000000004,0.508
27198,0.1,0.248,0.652
27199,0.176,0.49000000000000005,0.334
27200,0.128,0.4779999999999999,0.394
27201,0.08600000000000001,0.382,0.532
27202,0.396,0.254,0.35000000000000003
27203,0.086,0.31800000000000006,0.5960000000000001
27204,0.22399999999999998,0.20600000000000002,0.5700000000000001
27205,0.052000000000000005,0.33399999999999996,0.614
27206,0.064,0.472,0.46399999999999997
27207,0.064,0.42400000000000004,0.512
27208,0.078,0.302,0.62
27209,0.138,0.25,0.6119999999999999
27210,0.118,0.446,0.43600000000000005
27211,0.033999999999999996,0.262,0.704
27212,0.064,0.26799999999999996,0.6679999999999999
27213,0.05800000000000001,0.17400000000000002,0.768
27214,0.08600000000000001,0.354,0.5599999999999999
27215,0.11600000000000002,0.55,0.33399999999999996
27216,0.26799999999999996,0.154,0.5780000000000001
27217,0.32,0.246,0.434
27218,0.098,0.372,0.53
27219,0.12,0.5040000000000001,0.376
27220,0.024,0.53,0.446
27221,0.16799999999999998,0.446,0.386
27222,0.088,0.376,0.536
27223,0.08,0.28200000000000003,0.638
27224,0.052000000000000005,0.368,0.58
27225,0.156,0.27,0.574
27226,0.26,0.362,0.378
27227,0.096,0.48200000000000004,0.422
27228,0.164,0.372,0.4640000000000001
27229,0.036,0.384,0.58
27230,0.042,0.256,0.702
27231,0.064,0.6,0.336
27232,0.15,0.326,0.524
27233,0.296,0.28400000000000003,0.42000000000000004
27234,0.072,0.22600000000000003,0.702
27235,0.054000000000000006,0.294,0.652
27236,0.186,0.576,0.238
27237,0.134,0.41600000000000004,0.45
27238,0.10400000000000001,0.282,0.614
27239,0.11800000000000002,0.29400000000000004,0.5879999999999999
27240,0.128,0.368,0.504
27241,0.21000000000000002,0.336,0.454
27242,0.196,0.164,0.64
27243,0.14400000000000002,0.306,0.55
27244,0.196,0.326,0.4779999999999999
27245,0.12,0.246,0.6340000000000001
27246,0.044,0.506,0.45
27247,0.06000000000000001,0.318,0.6220000000000001
27248,0.07999999999999999,0.418,0.502
27249,0.12800000000000003,0.33399999999999996,0.5379999999999999
27250,0.05600000000000001,0.36,0.584
27251,0.062,0.40800000000000003,0.53
27252,0.32,0.244,0.43600000000000005
27253,0.057999999999999996,0.426,0.516
27254,0.042,0.5599999999999999,0.398
27255,0.10600000000000001,0.33599999999999997,0.558
27256,0.138,0.372,0.49000000000000005
27257,0.054000000000000006,0.3,0.6459999999999999
27258,0.12999999999999998,0.276,0.594
27259,0.11800000000000002,0.40800000000000003,0.47400000000000003
27260,0.332,0.284,0.384
27261,0.048,0.284,0.6679999999999999
27262,0.12799999999999997,0.274,0.598
27263,0.096,0.48200000000000004,0.422
27264,0.146,0.20400000000000001,0.65
27265,0.066,0.32999999999999996,0.6040000000000001
27266,0.11600000000000002,0.344,0.5399999999999999
27267,0.128,0.322,0.55
27268,0.126,0.324,0.5499999999999999
27269,0.078,0.302,0.62
27270,0.062,0.398,0.54
27271,0.11600000000000002,0.354,0.53
27272,0.096,0.274,0.63
27273,0.10600000000000001,0.34199999999999997,0.5519999999999999
27274,0.092,0.242,0.666
27275,0.08,0.20800000000000002,0.712
27276,0.074,0.558,0.368
27277,0.06399999999999999,0.454,0.48200000000000004
27278,0.11399999999999999,0.314,0.5720000000000001
27279,0.11000000000000001,0.314,0.576
27280,0.132,0.31,0.558
27281,0.134,0.358,0.5080000000000001
27282,0.088,0.23199999999999998,0.68
27283,0.15999999999999998,0.2,0.64
27284,0.138,0.39399999999999996,0.4680000000000001
27285,0.198,0.31,0.4919999999999999
27286,0.146,0.518,0.336
27287,0.12000000000000002,0.252,0.628
27288,0.05399999999999999,0.192,0.7539999999999999
27289,0.168,0.252,0.5799999999999998
27290,0.12400000000000003,0.312,0.5640000000000001
27291,0.146,0.34600000000000003,0.508
27292,0.096,0.618,0.2859999999999999
27293,0.13199999999999998,0.344,0.524
27294,0.286,0.354,0.36
27295,0.08600000000000001,0.306,0.6079999999999999
27296,0.13599999999999998,0.492,0.372
27297,0.2,0.484,0.316
27298,0.042,0.626,0.33199999999999996
27299,0.06399999999999999,0.31799999999999995,0.6179999999999999
27300,0.27799999999999997,0.26399999999999996,0.458
27301,0.134,0.22599999999999998,0.64
27302,0.262,0.45,0.288
27303,0.09,0.158,0.752
27304,0.11800000000000002,0.21200000000000002,0.67
27305,0.12400000000000003,0.336,0.5399999999999999
27306,0.15,0.16999999999999998,0.6799999999999999
27307,0.09,0.34199999999999997,0.5680000000000001
27308,0.22800000000000004,0.21799999999999997,0.554
27309,0.057999999999999996,0.252,0.6899999999999998
27310,0.10200000000000001,0.278,0.62
27311,0.11000000000000001,0.22199999999999998,0.6679999999999999
27312,0.17600000000000002,0.148,0.6759999999999999
27313,0.06799999999999999,0.356,0.576
27314,0.22000000000000003,0.326,0.454
27315,0.05800000000000001,0.32999999999999996,0.612
27316,0.11000000000000001,0.236,0.654
27317,0.156,0.398,0.446
27318,0.054000000000000006,0.3,0.6459999999999999
27319,0.12000000000000002,0.418,0.462
27320,0.076,0.434,0.49000000000000005
27321,0.098,0.26199999999999996,0.6399999999999999
27322,0.12599999999999997,0.29000000000000004,0.584
27323,0.076,0.296,0.6279999999999999
27324,0.188,0.22999999999999998,0.5820000000000001
27325,0.134,0.43,0.43599999999999994
27326,0.23000000000000004,0.312,0.458
27327,0.22800000000000004,0.374,0.39799999999999996
27328,0.15999999999999998,0.2,0.64
27329,0.06999999999999999,0.334,0.5959999999999999
27330,0.19400000000000003,0.41,0.396
27331,0.246,0.27599999999999997,0.4779999999999999
27332,0.086,0.33999999999999997,0.5740000000000001
27333,0.06200000000000001,0.3,0.6379999999999999
27334,0.16199999999999998,0.268,0.57
27335,0.076,0.242,0.6819999999999998
27336,0.302,0.20400000000000001,0.49399999999999994
27337,0.398,0.28600000000000003,0.316
27338,0.128,0.31799999999999995,0.554
27339,0.12400000000000003,0.352,0.524
27340,0.096,0.26399999999999996,0.64
27341,0.164,0.298,0.5379999999999999
27342,0.05800000000000001,0.17400000000000002,0.768
27343,0.12600000000000003,0.314,0.5599999999999999
27344,0.12799999999999997,0.31999999999999995,0.5519999999999999
27345,0.26799999999999996,0.254,0.47800000000000004
27346,0.158,0.54,0.302
27347,0.044,0.596,0.36
27348,0.11199999999999999,0.26999999999999996,0.618
27349,0.014000000000000002,0.286,0.7
27350,0.05800000000000001,0.17400000000000002,0.768
27351,0.036,0.164,0.8
27352,0.17600000000000002,0.272,0.5519999999999999
27353,0.072,0.356,0.572
27354,0.22999999999999998,0.4800000000000001,0.29000000000000004
27355,0.09000000000000001,0.266,0.644
27356,0.074,0.198,0.728
27357,0.078,0.446,0.476
27358,0.062,0.256,0.682
27359,0.144,0.37,0.48600000000000004
27360,0.12,0.27,0.61
27361,0.064,0.556,0.38
27362,0.168,0.362,0.4699999999999999
27363,0.22800000000000004,0.26599999999999996,0.506
27364,0.05800000000000001,0.17400000000000002,0.768
27365,0.21000000000000002,0.32199999999999995,0.46799999999999997
27366,0.136,0.502,0.362
27367,0.21400000000000002,0.30400000000000005,0.48200000000000004
27368,0.368,0.22999999999999998,0.40199999999999997
27369,0.47000000000000003,0.20600000000000002,0.324
27370,0.504,0.20800000000000002,0.288
27371,0.23600000000000004,0.16,0.604
27372,0.066,0.302,0.632
27373,0.246,0.29400000000000004,0.4600000000000001
27374,0.078,0.248,0.6739999999999999
27375,0.12400000000000003,0.34199999999999997,0.534
27376,0.17200000000000001,0.21999999999999997,0.6079999999999999
27377,0.2,0.33399999999999996,0.466
27378,0.21000000000000002,0.542,0.248
27379,0.31799999999999995,0.286,0.396
27380,0.262,0.45,0.288
27381,0.098,0.354,0.548
27382,0.12800000000000003,0.376,0.496
27383,0.098,0.21999999999999997,0.682
27384,0.154,0.458,0.388
27385,0.156,0.122,0.722
27386,0.14200000000000002,0.21799999999999997,0.64
27387,0.044,0.342,0.6140000000000001
27388,0.064,0.31400000000000006,0.6220000000000001
27389,0.11600000000000002,0.376,0.508
27390,0.10200000000000001,0.21800000000000003,0.6799999999999999
27391,0.15,0.38,0.47000000000000003
27392,0.136,0.378,0.48599999999999993
27393,0.05800000000000001,0.17400000000000002,0.768
27394,0.138,0.414,0.44800000000000006
27395,0.096,0.49800000000000005,0.406
27396,0.046,0.5900000000000001,0.364
27397,0.039999999999999994,0.696,0.264
27398,0.16199999999999998,0.388,0.45
27399,0.07200000000000001,0.48599999999999993,0.442
27400,0.057999999999999996,0.238,0.7040000000000001
27401,0.194,0.45199999999999996,0.354
27402,0.074,0.314,0.612
27403,0.094,0.28,0.626
27404,0.054000000000000006,0.44400000000000006,0.502
27405,0.138,0.308,0.554
27406,0.066,0.21800000000000003,0.716
27407,0.022,0.22800000000000004,0.75
27408,0.018,0.43599999999999994,0.546
27409,0.05,0.646,0.304
27410,0.124,0.278,0.5980000000000001
27411,0.096,0.32999999999999996,0.574
27412,0.15199999999999997,0.31399999999999995,0.534
27413,0.08,0.15999999999999998,0.76
27414,0.09,0.42799999999999994,0.48200000000000004
27415,0.134,0.246,0.62
27416,0.13599999999999998,0.184,0.68
27417,0.05600000000000001,0.24,0.704
27418,0.036,0.246,0.7180000000000001
27419,0.11600000000000002,0.5660000000000001,0.318
27420,0.30599999999999994,0.276,0.418
27421,0.25,0.286,0.46399999999999997
27422,0.10200000000000001,0.27999999999999997,0.618
27423,0.11400000000000002,0.42000000000000004,0.466
27424,0.124,0.328,0.5479999999999999
27425,0.23199999999999998,0.264,0.504
27426,0.05,0.21399999999999997,0.736
27427,0.05600000000000001,0.374,0.5700000000000001
27428,0.126,0.27199999999999996,0.6020000000000001
27429,0.138,0.354,0.508
27430,0.41600000000000004,0.18,0.404
27431,0.22999999999999998,0.26,0.51
27432,0.1,0.546,0.354
27433,0.388,0.27,0.34199999999999997
27434,0.188,0.254,0.558
27435,0.09,0.518,0.392
27436,0.10999999999999999,0.286,0.604
27437,0.08,0.27999999999999997,0.64
27438,0.21000000000000002,0.272,0.518
27439,0.06,0.21200000000000002,0.728
27440,0.22000000000000003,0.314,0.466
27441,0.26999999999999996,0.198,0.532
27442,0.168,0.32599999999999996,0.506
27443,0.078,0.362,0.56
27444,0.05800000000000001,0.27599999999999997,0.666
27445,0.118,0.346,0.5359999999999999
27446,0.14400000000000002,0.27999999999999997,0.576
27447,0.08,0.562,0.358
27448,0.06399999999999999,0.454,0.48200000000000004
27449,0.068,0.276,0.6559999999999999
27450,0.158,0.49800000000000005,0.34400000000000003
27451,0.156,0.15200000000000002,0.6920000000000001
27452,0.242,0.21800000000000003,0.54
27453,0.11600000000000002,0.534,0.35
27454,0.124,0.16399999999999998,0.712
27455,0.262,0.27199999999999996,0.466
27456,0.078,0.364,0.558
27457,0.11400000000000002,0.32799999999999996,0.558
27458,0.10200000000000001,0.414,0.484
27459,0.492,0.27,0.238
27460,0.074,0.124,0.8019999999999999
27461,0.124,0.24,0.636
27462,0.10200000000000001,0.5700000000000001,0.32799999999999996
27463,0.176,0.296,0.5279999999999999
27464,0.064,0.358,0.578
27465,0.26799999999999996,0.254,0.47800000000000004
27466,0.178,0.278,0.5439999999999999
27467,0.192,0.268,0.5399999999999999
27468,0.10200000000000001,0.22000000000000003,0.6779999999999999
27469,0.10400000000000001,0.44400000000000006,0.45200000000000007
27470,0.15,0.42000000000000004,0.43000000000000005
27471,0.12200000000000003,0.4,0.4779999999999999
27472,0.156,0.24,0.604
27473,0.10600000000000001,0.354,0.5399999999999999
27474,0.054000000000000006,0.372,0.5740000000000001
27475,0.158,0.266,0.5760000000000001
27476,0.098,0.23200000000000004,0.6699999999999999
27477,0.492,0.27,0.238
